time 	curr	srvc	payld	bdw	NoC	InPort	target_router
5371	0	33	1	5	2	W	0
5468	0	14	2	2	1	L	0
5468	256	14	2	2	1	L	0
5470	0	14	2	2	1	E	0
5478	0	19	2	2	2	L	8192
5617	0	24	8	60	3	W	0
5686	0	29	4	4	2	L	0
5691	0	19	2	2	2	L	8192
5703	0	14	2	2	1	L	0
5831	0	24	8	63	3	W	0
5903	0	29	4	4	2	L	256
5905	256	29	4	4	2	W	256
5908	0	19	2	2	2	L	8192
5922	256	14	2	2	1	L	0
5924	0	14	2	2	1	E	0
6045	0	24	8	63	3	W	0
6117	0	29	4	4	2	L	0
6122	0	19	2	2	2	L	8192
6134	0	14	2	2	1	L	0
6260	0	24	8	62	3	W	0
6331	0	29	4	4	2	L	256
6333	256	29	4	4	2	W	256
6336	0	19	2	2	2	L	8192
6350	256	14	2	2	1	L	0
6352	0	14	2	2	1	E	0
6477	0	24	8	60	3	W	0
6546	0	29	4	4	2	L	0
6551	0	19	2	2	2	L	8192
6563	0	14	2	2	1	L	0
6691	0	24	8	60	3	W	0
6760	0	29	4	4	2	L	256
6762	256	29	4	4	2	W	256
6765	0	19	2	2	2	L	8192
6779	256	14	2	2	1	L	0
6781	0	14	2	2	1	E	0
6905	0	24	8	63	3	W	0
6977	0	29	4	4	2	L	0
6982	0	19	2	2	2	L	8192
6994	0	14	2	2	1	L	0
7120	0	24	8	63	3	W	0
7192	0	29	4	4	2	L	256
7194	256	29	4	4	2	W	256
7197	0	19	2	2	2	L	8192
7211	256	14	2	2	1	L	0
7213	0	14	2	2	1	E	0
7337	0	24	8	60	3	W	0
7406	0	29	4	4	2	L	0
7411	0	19	2	2	2	L	8192
7423	0	14	2	2	1	L	0
7551	0	24	8	60	3	W	0
7620	0	29	4	4	2	L	256
7622	256	29	4	4	2	W	256
7625	0	19	2	2	2	L	8192
7639	256	14	2	2	1	L	0
7641	0	14	2	2	1	E	0
7766	0	24	8	63	3	W	0
7838	0	29	4	4	2	L	0
7843	0	19	2	2	2	L	8192
7855	0	31	2	2	1	L	0
7980	0	24	8	63	3	W	0
8052	0	29	4	4	2	L	256
8054	256	29	4	4	2	W	256
8057	0	19	2	2	2	L	8192
8071	256	31	2	2	1	L	0
8073	0	31	2	2	1	E	0
8192	0	24	8	60	3	W	0
8261	0	29	4	4	2	L	0
8266	0	29	4	4	2	L	256
8269	256	29	4	4	2	W	256
8289	0	31	2	2	1	L	0
8297	256	31	2	2	1	L	0
8299	0	31	2	2	1	E	0
8299	0	29	4	4	2	L	0
8309	0	29	4	4	2	L	256
8311	256	29	4	4	2	W	256
8327	0	31	2	2	1	L	0
8337	0	19	2	2	2	L	8192
8339	256	31	2	2	1	L	0
8341	0	31	2	2	1	E	0
8475	0	24	8	62	3	W	0
8546	0	29	4	4	2	L	0
8551	0	29	4	4	2	L	256
8554	256	29	4	4	2	W	256
8579	0	31	2	2	1	L	0
8587	256	31	2	2	1	L	0
8589	0	31	2	2	1	E	0
8589	0	29	4	4	2	L	0
8599	0	29	4	4	2	L	256
8601	256	29	4	4	2	W	256
8619	0	31	2	2	1	L	0
8629	0	19	2	2	2	L	8192
8631	256	31	2	2	1	L	0
8633	0	31	2	2	1	E	0
8760	0	24	8	63	3	W	0
8832	0	29	4	4	2	L	0
8837	0	29	4	4	2	L	256
8840	256	29	4	4	2	W	256
8856	0	31	2	2	1	L	0
8864	256	31	2	2	1	L	0
8866	0	31	2	2	1	E	0
8866	0	29	4	4	2	L	0
8876	0	29	4	4	2	L	256
8878	256	29	4	4	2	W	256
8890	0	31	2	2	1	L	0
8900	0	19	2	2	2	L	8192
8902	256	31	2	2	1	L	0
8904	0	31	2	2	1	E	0
9032	0	24	8	60	3	W	0
9101	0	29	4	4	2	L	0
9106	0	29	4	4	2	L	256
9109	256	29	4	4	2	W	256
9125	0	31	2	2	1	L	0
9133	256	31	2	2	1	L	0
9135	0	31	2	2	1	E	0
9135	0	29	4	4	2	L	0
9145	0	29	4	4	2	L	256
9147	256	29	4	4	2	W	256
9159	0	31	2	2	1	L	0
9169	0	19	2	2	2	L	8192
9171	256	31	2	2	1	L	0
9173	0	31	2	2	1	E	0
9301	0	24	8	62	3	W	0
9372	0	29	4	4	2	L	0
9377	0	29	4	4	2	L	256
9380	256	29	4	4	2	W	256
9398	0	31	2	2	1	L	0
9406	256	31	2	2	1	L	0
9408	0	31	2	2	1	E	0
9408	0	19	2	2	2	L	8192
9541	0	24	8	62	3	W	0
9612	0	29	4	4	2	L	0
9617	0	29	4	4	2	L	256
9620	256	29	4	4	2	W	256
9630	0	31	2	2	1	L	0
9637	0	2	2	2	1	L	0
9638	256	31	2	2	1	L	0
9640	0	2	2	2	1	L	0
9640	0	31	2	2	1	E	0
9640	0	29	4	4	2	L	0
9645	256	2	2	2	1	L	0
9647	0	2	2	2	1	E	0
9647	0	19	2	2	2	L	8192
9648	256	2	2	2	1	L	0
9651	0	2	2	2	1	E	0
9650	0	29	4	4	2	L	256
9653	256	29	4	4	2	W	256
9664	0	31	2	2	1	L	0
9677	256	31	2	2	1	L	0
9679	0	31	2	2	1	E	0
9781	0	24	8	63	3	W	0
9853	0	29	2	2	2	L	0
9857	0	29	2	2	2	L	0
9861	0	19	2	2	2	L	8192
9876	0	2	2	2	1	L	0
9891	0	2	2	2	1	L	0
9995	0	24	8	63	3	W	0
10067	0	29	2	2	2	L	256
10069	256	29	2	2	2	W	256
10071	0	29	2	2	2	L	256
10073	256	29	2	2	2	W	256
10074	0	19	2	2	2	L	8192
10092	256	2	2	2	1	L	0
10094	0	2	2	2	1	E	0
10107	256	2	2	2	1	L	0
10109	0	2	2	2	1	E	0
10206	0	24	8	61	3	W	0
10276	0	29	4	4	2	L	0
10281	0	29	4	4	2	L	256
10286	0	29	2	2	2	L	0
10284	256	29	4	4	2	W	256
10289	0	29	2	2	2	L	0
10292	0	29	2	2	2	L	256
10293	0	31	2	2	1	L	0
10295	0	29	2	2	2	L	256
10298	256	29	2	2	2	W	256
10301	256	31	2	2	1	L	0
10302	256	29	2	2	2	W	256
10303	0	31	2	2	1	E	0
10303	0	19	2	2	2	L	8192
10306	0	2	2	2	1	L	0
10316	256	2	2	2	1	L	0
10318	0	2	2	2	1	E	0
10435	0	24	8	63	3	W	0
10507	0	29	4	4	2	L	0
10512	0	29	4	4	2	L	256
10517	0	19	2	2	2	L	8192
10515	256	29	4	4	2	W	256
10529	0	31	2	2	1	L	0
10535	0	2	2	2	1	L	0
10537	256	31	2	2	1	L	0
10539	0	31	2	2	1	E	0
10543	256	2	2	2	1	L	0
10545	0	2	2	2	1	E	0
10652	0	24	8	60	3	W	0
10721	0	29	2	2	2	L	0
10725	0	19	2	2	2	L	8192
10728	0	19	2	2	2	L	8192
10731	0	19	2	2	2	L	8192
10855	0	24	8	63	3	W	0
10927	0	29	2	2	2	L	256
10929	256	29	2	2	2	W	256
10935	0	24	8	63	3	W	0
11007	0	29	4	4	2	L	0
11012	0	29	4	4	2	L	256
11015	256	29	4	4	2	W	256
11030	0	31	2	2	1	L	0
11034	0	2	2	2	1	L	0
11038	256	31	2	2	1	L	0
11040	0	31	2	2	1	E	0
11042	256	2	2	2	1	L	0
11044	0	2	2	2	1	E	0
11015	0	24	8	63	3	W	0
11087	0	29	2	2	2	L	0
11091	0	19	2	2	2	L	8192
11094	0	19	2	2	2	L	8192
11097	0	19	2	2	2	L	8192
11103	0	2	2	2	1	L	0
11230	0	24	8	63	3	W	0
11302	0	29	2	2	2	L	256
11304	256	29	2	2	2	W	256
11320	256	2	2	2	1	L	0
11322	0	2	2	2	1	E	0
11310	0	24	8	63	3	W	0
11382	0	29	4	4	2	L	0
11387	0	29	4	4	2	L	256
11390	256	29	4	4	2	W	256
11404	0	31	2	2	1	L	0
11412	256	31	2	2	1	L	0
11414	0	31	2	2	1	E	0
11390	0	24	8	63	3	W	0
11462	0	29	2	2	2	L	0
11466	0	19	2	2	2	L	8192
11469	0	29	2	2	2	L	0
11472	0	29	2	2	2	L	256
11475	0	19	2	2	2	L	8192
11476	256	29	2	2	2	W	256
11484	0	2	2	2	1	L	0
11488	0	2	2	2	1	L	0
11498	256	2	2	2	1	L	0
11500	0	2	2	2	1	E	0
11595	0	24	8	63	3	W	0
11667	0	29	2	2	2	L	256
11669	256	29	2	2	2	W	256
11685	256	2	2	2	1	L	0
11687	0	2	2	2	1	E	0
11676	0	24	8	62	3	W	0
11747	0	29	4	4	2	L	0
11752	0	29	4	4	2	L	256
11757	0	29	2	2	2	L	0
11755	256	29	4	4	2	W	256
11760	0	29	2	2	2	L	0
11763	0	29	2	2	2	L	256
11766	0	29	2	2	2	L	256
11769	256	29	2	2	2	W	256
11773	256	29	2	2	2	W	256
11780	0	31	2	2	1	L	0
11783	0	2	2	2	1	L	0
11783	256	31	2	2	1	L	0
11785	0	31	2	2	1	E	0
11786	0	2	2	2	1	L	0
11790	0	29	4	4	2	L	0
11792	256	2	2	2	1	L	0
11794	0	2	2	2	1	E	0
11795	0	29	2	2	2	L	0
11795	256	2	2	2	1	L	0
11798	0	2	2	2	1	E	0
11798	0	29	4	4	2	L	256
11803	0	29	2	2	2	L	0
11802	256	29	4	4	2	W	256
11806	0	29	2	2	2	L	256
11809	0	29	2	2	2	L	256
11812	256	29	2	2	2	W	256
11814	0	2	2	2	1	L	0
11816	256	29	2	2	2	W	256
11822	0	2	2	2	1	L	0
11824	0	29	2	2	2	L	0
11830	256	2	2	2	1	L	0
11832	0	2	2	2	1	E	0
11832	0	19	2	2	2	L	8192
11835	256	2	2	2	1	L	0
11837	0	2	2	2	1	E	0
11842	0	29	2	2	2	L	256
11844	256	29	2	2	2	W	256
11846	0	31	2	2	1	L	0
11853	0	2	2	2	1	L	0
11866	256	31	2	2	1	L	0
11868	0	31	2	2	1	E	0
11873	256	2	2	2	1	L	0
11875	0	2	2	2	1	E	0
11970	0	24	8	63	3	W	0
12042	0	29	2	2	2	L	0
12046	0	19	2	2	2	L	8192
12049	0	19	2	2	2	L	8192
12064	0	2	2	2	1	L	0
12176	0	24	8	63	3	W	0
12248	0	29	2	2	2	L	256
12250	256	29	2	2	2	W	256
12252	0	29	2	2	2	L	0
12272	256	2	2	2	1	L	0
12274	0	2	2	2	1	L	0
12274	0	2	2	2	1	E	0
12256	0	24	8	63	3	W	0
12328	0	29	2	2	2	L	0
12332	0	16	2	2	2	L	0
12335	0	29	2	2	2	L	256
12338	0	29	2	2	2	L	0
12338	256	29	2	2	2	W	256
12341	0	29	2	2	2	L	256
12345	0	29	2	2	2	L	0
12346	256	29	2	2	2	W	256
12350	0	31	2	2	1	L	0
12356	0	29	2	2	2	L	256
12358	256	29	2	2	2	W	256
12360	0	2	2	2	1	L	0
12360	0	19	2	2	2	L	8192
12360	256	2	2	2	1	L	0
12362	0	2	2	2	1	E	0
12363	256	2	2	2	1	L	0
12366	0	2	2	2	1	E	0
12370	0	19	2	2	2	L	8192
12373	0	29	2	2	2	L	256
12376	256	29	2	2	2	W	256
12380	256	31	2	2	1	L	0
12382	0	31	2	2	1	E	0
12490	0	24	8	63	3	W	0
12562	0	29	4	4	2	L	0
12580	0	31	2	2	1	L	0
12583	0	31	2	2	1	L	0
12570	0	24	8	63	3	W	0
12642	0	29	2	2	2	L	0
12646	0	19	2	2	2	L	8192
12649	0	29	4	4	2	L	256
12652	256	29	4	4	2	W	256
12654	0	29	4	4	2	L	0
12659	0	19	2	2	2	L	8192
12670	256	31	2	2	1	L	0
12672	0	31	2	2	1	E	0
12673	256	31	2	2	1	L	0
12676	0	31	2	2	1	E	0
12682	0	29	4	4	2	L	256
12684	256	29	4	4	2	W	256
12776	0	24	8	63	3	W	0
12848	0	29	2	2	2	L	256
12850	256	29	2	2	2	W	256
12856	0	24	8	63	3	W	0
12928	0	29	2	2	2	L	0
12932	0	19	2	2	2	L	8192
12951	0	2	2	2	1	L	0
12954	0	31	2	2	1	L	0
12961	0	19	2	2	2	L	8192
12965	0	19	2	2	2	L	8192
13070	0	24	8	63	3	W	0
13142	0	29	2	2	2	L	256
13144	256	29	2	2	2	W	256
13167	256	2	2	2	1	L	0
13169	0	2	2	2	1	E	0
13170	256	31	2	2	1	L	0
13173	0	31	2	2	1	E	0
13150	0	24	8	63	3	W	0
13222	0	29	2	2	2	L	0
13226	0	19	2	2	2	L	8192
13230	0	24	8	63	3	W	0
13302	0	29	4	4	2	L	0
13307	0	29	4	4	2	L	256
13310	256	29	4	4	2	W	256
13365	0	24	8	62	3	W	0
13436	0	29	2	2	2	L	256
13438	256	29	2	2	2	W	256
13613	0	31	2	2	1	L	0
13622	256	31	2	2	1	L	0
13623	0	19	2	2	2	L	8192
13624	0	31	2	2	1	E	0
13756	0	24	8	60	3	W	0
13825	0	29	4	4	2	L	0
13830	0	29	4	4	2	L	256
13833	256	29	4	4	2	W	256
13849	0	31	2	2	1	L	0
13853	0	31	2	2	1	L	0
13857	256	31	2	2	1	L	0
13859	0	31	2	2	1	E	0
13859	0	29	4	4	2	L	0
13861	256	31	2	2	1	L	0
13863	0	31	2	2	1	E	0
13864	0	29	2	2	2	L	0
13869	0	29	4	4	2	L	256
13871	256	29	4	4	2	W	256
13874	0	29	2	2	2	L	256
13877	256	29	2	2	2	W	256
13906	0	31	2	2	1	L	0
13916	0	19	2	2	2	L	8192
13918	256	31	2	2	1	L	0
13920	0	31	2	2	1	E	0
14045	0	24	8	63	3	W	0
14117	0	29	4	4	2	L	0
14122	0	29	4	4	2	L	256
14125	256	29	4	4	2	W	256
14258	0	31	2	2	1	L	0
14266	256	31	2	2	1	L	0
14268	0	31	2	2	1	E	0
14268	0	29	4	4	2	L	0
14278	0	29	4	4	2	L	256
14280	256	29	4	4	2	W	256
14298	0	31	2	2	1	L	0
14308	0	29	4	4	2	L	0
14310	256	31	2	2	1	L	0
14312	0	31	2	2	1	E	0
14322	0	29	4	4	2	L	256
14324	256	29	4	4	2	W	256
14328	0	31	2	2	1	L	0
14338	0	19	2	2	2	L	8192
14344	256	31	2	2	1	L	0
14346	0	31	2	2	1	E	0
14471	0	24	8	63	3	W	0
14543	0	29	4	4	2	L	0
14548	0	29	4	4	2	L	256
14551	256	29	4	4	2	W	256
14594	0	31	2	2	1	L	0
14602	256	31	2	2	1	L	0
14604	0	31	2	2	1	E	0
14604	0	29	4	4	2	L	0
14614	0	29	4	4	2	L	256
14616	256	29	4	4	2	W	256
16365	0	31	2	2	1	L	0
16375	0	19	2	2	2	L	8192
16379	256	31	2	2	1	L	0
16381	0	31	2	2	1	E	0
16506	0	24	8	62	3	W	0
16577	0	29	4	4	2	L	0
16582	0	29	4	4	2	L	256
16585	256	29	4	4	2	W	256
16643	0	31	2	2	1	L	0
16651	256	31	2	2	1	L	0
16653	0	31	2	2	1	E	0
16653	0	29	2	2	2	L	0
16663	0	29	2	2	2	L	256
16665	256	29	2	2	2	W	256
16996	0	36	3	3	1	L	0
17006	0	19	2	2	2	L	8192
17008	256	36	3	3	1	L	0
17010	0	36	3	3	1	E	0
17140	0	24	8	63	3	W	0
17212	0	29	2	2	2	L	0
17220	0	29	2	2	2	L	256
17222	256	29	2	2	2	W	256
17226	0	31	2	2	1	L	0
17236	0	29	2	2	2	L	0
17236	256	31	2	2	1	L	0
17238	0	31	2	2	1	E	0
17248	0	16	2	2	2	L	0
17261	0	31	2	2	1	L	0
17269	0	29	2	2	2	L	256
17271	256	29	2	2	2	W	256
17272	0	29	4	4	2	L	0
17293	256	31	2	2	1	L	0
17295	0	31	2	2	1	E	0
17297	0	31	2	2	1	L	0
17305	0	29	4	4	2	L	256
17307	256	29	4	4	2	W	256
17310	0	29	2	2	2	L	0
17331	256	31	2	2	1	L	0
17333	0	31	2	2	1	E	0
17335	0	31	2	2	1	L	0
17342	0	31	2	2	1	L	0
17343	0	29	2	2	2	L	256
17345	256	29	2	2	2	W	256
17346	0	19	2	2	2	L	8192
17352	0	29	2	2	2	L	0
17377	256	31	2	2	1	L	0
17379	0	31	2	2	1	E	0
17480	0	24	8	63	3	W	0
17552	0	29	4	4	2	L	0
17557	0	29	4	4	2	L	256
17560	256	29	4	4	2	W	256
17572	0	31	2	2	1	L	0
17577	0	36	3	3	1	L	0
17582	0	19	2	2	2	L	8192
17587	0	18	2	2	2	L	0
17590	0	18	2	2	2	L	256
17593	256	18	2	2	2	W	256
17610	256	31	2	2	1	L	0
17612	0	31	2	2	1	E	0
17618	0	29	2	2	2	L	0
17626	0	29	2	2	2	L	256
17628	256	29	2	2	2	W	256
17652	256	31	2	2	1	L	0
17654	0	31	2	2	1	E	0
17655	256	31	2	2	1	L	0
17658	0	31	2	2	1	E	0
17664	0	29	4	4	2	L	256
17666	256	29	4	4	2	W	256
17669	0	29	2	2	2	L	256
17672	256	29	2	2	2	W	256
17686	256	31	2	2	1	L	0
17688	0	31	2	2	1	E	0
17693	256	31	2	2	1	L	0
17695	0	31	2	2	1	E	0
17720	0	24	8	63	3	W	0
17792	0	29	4	4	2	L	0
17797	0	29	4	4	2	L	256
17802	0	29	2	2	2	L	256
17800	256	29	4	4	2	W	256
17806	256	29	2	2	2	W	256
17812	0	31	2	2	1	L	0
17819	256	31	2	2	1	L	0
17821	0	31	2	2	1	E	0
17822	0	29	4	4	2	L	0
17830	256	36	3	3	1	L	0
17832	0	36	3	3	1	E	0
17831	0	29	4	4	2	L	256
17833	256	29	4	4	2	W	256
17839	0	31	2	2	1	L	0
17842	0	17	2	2	2	L	256
17844	256	17	2	2	2	W	256
17857	256	31	2	2	1	L	0
17859	0	31	2	2	1	E	0
17868	0	29	2	2	2	L	256
17870	256	29	2	2	2	W	256
17874	0	29	4	4	2	L	0
17879	0	19	2	2	2	L	8192
17895	0	31	2	2	1	L	0
18012	0	24	8	60	3	W	0
18081	0	29	4	4	2	L	256
18083	256	29	4	4	2	W	256
18086	0	29	4	4	2	L	0
18106	0	31	2	2	1	L	0
18110	256	31	2	2	1	L	0
18112	0	31	2	2	1	E	0
18116	0	29	4	4	2	L	0
18122	0	29	4	4	2	L	256
18124	256	29	4	4	2	W	256
